 &lapsparms_nl

 c6_maproj='merctr',
 standard_latitude=44.31568,
 standard_latitude2=0.0,
 standard_longitude=-120.62816000000001,
 grid_cen_lat=44.31568,
 grid_cen_lon=-120.62816000000001,
 grid_spacing_m=6200,
 NX_L=100,
 NY_L=146,

 /
